 90.00    30.00    0.00    0.00   15.00   30.00   30.00    9.00    9.00   15.00   22.00   15.00    9.00 
 90.00    30.00    0.00    0.00   15.00   30.00   30.00    9.00    9.00   15.00   22.00   15.00    9.00 
  0.00    30.00    0.00    0.00   15.00   30.00   30.00    9.00    9.00   15.00   22.00   15.00    9.00 
  0.00    30.00    0.00    0.00   15.00   30.00   30.00    9.00    9.00   15.00   22.00   15.00    9.00 
  0.00    30.00    0.00    0.00   15.00   30.00   30.00    9.00    9.00   15.00   22.00   15.00    9.00 
  0.00    30.00    0.00    0.00   15.00   30.00   30.00    9.00    9.00   15.00   22.00   15.00    9.00 
  0.00    30.00    0.00    0.00   15.00   30.00   30.00    9.00    9.00   15.00   22.00   15.00    9.00 
 90.00    30.00    0.00    0.00   15.00   30.00   30.00    9.00    9.00   15.00   22.00   15.00    9.00 
 90.00    30.00    0.00    0.00   15.00   30.00   30.00    9.00    9.00   15.00   22.00   15.00    9.00 
 90.00    30.00    0.00    0.00   15.00   30.00   30.00    9.00    9.00   15.00   22.00   15.00    9.00 
  0.00    30.00    0.00    0.00   15.00   30.00   30.00    9.00    9.00   15.00   22.00   15.00    9.00 
  0.00    30.00    0.00    0.00   15.00   30.00   30.00    9.00    9.00   15.00   22.00   15.00    9.00 
  0.00    30.00    0.00    0.00   15.00   30.00   30.00    9.00    9.00   15.00   22.00   15.00    9.00 
  0.00    30.00    0.00    0.00   15.00   30.00   30.00    9.00    9.00   15.00   22.00   15.00    9.00 
  0.00    30.00    0.00    0.00   15.00   30.00   30.00    9.00    9.00   15.00   22.00   15.00    9.00 
 90.00    30.00    0.00    0.00   15.00   30.00   30.00    9.00    9.00   15.00   22.00   15.00    9.00 
 90.00    30.00    0.00    0.00   15.00   30.00   30.00    9.00    9.00   15.00   22.00   15.00    9.00 
  0.00    30.00    0.00    0.00   15.00   30.00   30.00    9.00    9.00   15.00   22.00   15.00    9.00 
  0.00    30.00    0.00    0.00   15.00   30.00   30.00    9.00    9.00   15.00   22.00   15.00    9.00 
  0.00    30.00    0.00    0.00   15.00   30.00   30.00    9.00    9.00   15.00   22.00   15.00    9.00 
  0.00    30.00    0.00    0.00   15.00   30.00   30.00    9.00    9.00   15.00   22.00   15.00    9.00 
 90.00    30.00    0.00    0.00   15.00   30.00   30.00    9.00    9.00   15.00   22.00   15.00    9.00 
 90.00    30.00    0.00    0.00   15.00   30.00   30.00    9.00    9.00   15.00   22.00   15.00    9.00 
 90.00    30.00    0.00    0.00   15.00   30.00   30.00    9.00    9.00   15.00   22.00   15.00    9.00 
  0.00    30.00    0.00    0.00   15.00   30.00   30.00    9.00    9.00   15.00   22.00   15.00    9.00 
  0.00    30.00    0.00    0.00   15.00   30.00   30.00    9.00    9.00   15.00   22.00   15.00    9.00 
 90.00    30.00    0.00    0.00   15.00   30.00   30.00    9.00    9.00   15.00   22.00   15.00    9.00 
  0.00    30.00    0.00    0.00   15.00   30.00   30.00    9.00    9.00   15.00   22.00   15.00    9.00 
  0.00    30.00    0.00    0.00   15.00   30.00   30.00    9.00    9.00   15.00   22.00   15.00    9.00 
 90.00    30.00    0.00    0.00   15.00   30.00   30.00    9.00    9.00   15.00   22.00   15.00    9.00 
  0.00    30.00    0.00    0.00   15.00   30.00   30.00    9.00    9.00   15.00   22.00   15.00    9.00 
 90.00    30.00    0.00    0.00   15.00   30.00   30.00    9.00    9.00   15.00   22.00   15.00    9.00 
  0.00    30.00    0.00    0.00   15.00   30.00   30.00    9.00    9.00   15.00   22.00   15.00    9.00 
 90.00    30.00    0.00    0.00   15.00   30.00   30.00    9.00    9.00   15.00   22.00   15.00    9.00 
 90.00    30.00    0.00    0.00   15.00   30.00   30.00    9.00    9.00   15.00   22.00   15.00    9.00 
 90.00    30.00    0.00    0.00   15.00   30.00   30.00    9.00    9.00   15.00   22.00   15.00    9.00 
  0.00    30.00    0.00    0.00   15.00   30.00   30.00    9.00    9.00   15.00   22.00   15.00    9.00 
  0.00    30.00    0.00    0.00   15.00   30.00   30.00    9.00    9.00   15.00   22.00   15.00    9.00 
  0.00    30.00    0.00    0.00   15.00   30.00   30.00    9.00    9.00   15.00   22.00   15.00    9.00 
  0.00    30.00    0.00    0.00   15.00   30.00   30.00    9.00    9.00   15.00   22.00   15.00    9.00 
